24779
12624
4720
242
7704
21897
21563
6844
27573
16785
7831
26609
13305
19047
12464
11135
8917
24375
14760
27672
9015
11585
14737
32662
28581
21637
5429
27204
9691
20527
28143
800
14113
29327
15922
29331
16807
21499
8812
6739
27930
24874
7202
174
8903
23808
25420
16033
15615
17289
27072
24867
27265
18295
31193
14106
4895
26735
24378
4793
19135
19397
4024
32359
9575
17914
24446
25893
707
29799
9351
8553
4715
18063
28265
26398
30992
13092
3243
17936
26337
29501
21928
16639
15065
10361
17735
30553
5520
23082
11831
13215
13670
25916
22239
23248
6913
3969
25048
12345
