5742
9489
1244
14779
22923
20677
29797
18862
16175
18482
31022
26219
1765
20011
6388
24439
1727
4943
19260
29978
8742
6044
12936
559
26443
11579
32192
26558
1518
29241
9715
11203
3913
6256
5642
1007
16558
28170
29774
13533
13262
18987
31369
22224
7098
21057
13386
2967
31117
14625
15016
7633
8880
26534
20680
9497
12928
31483
13178
7437
25954
6772
28811
19945
9536
19682
15902
24058
1798
10195
15462
25017
29243
3611
19293
30015
31537
1553
21471
27136
25625
23414
9921
28925
11091
2827
6872
23911
20680
4990
15937
14472
5486
10158
11973
11485
5013
9668
4217
5510
7312
22521
13613
21936
15115
21034
19304
6447
25219
5980
8036
6354
9942
19624
15789
11128
757
9111
6966
9416
26770
28046
12937
25463
14470
6101
16277
27424
5666
12945
27825
26734
4802
2545
22809
2473
26311
17009
3093
23910
31968
2402
16557
30718
5864
30972
20101
23301
26899
9401
4448
22021
13100
15112
21562
31020
5470
3066
7634
26107
31625
9486
26317
25767
22082
13802
23358
24997
22450
12951
5018
10078
20546
28967
2096
22027
3153
27297
4512
31781
4164
6450
24570
14809
11544
23147
22656
29691
10466
23701
3842
621
4528
22604
8663
26144
5152
3947
4313
19985
6745
7845
8564
30787
15253
29435
4494
11585
19480
29249
21742
2792
14693
19991
5992
32043
22303
21387
2148
8207
3584
31167
13082
5913
10953
7964
17683
8297
2621
30360
16279
29879
28214
29534
22178
20178
3328
13292
27347
32514
13785
29814
5353
29767
2138
2909
16978
19511
23341
10991
1898
3129
19936
20049
26644
10989
29314
21659
21472
18448
20549
4820
31051
26711
21005
4505
31483
16400
3399
27649
27403
27926
31477
6671
9317
2601
20762
17118
17286
15428
26440
24617
16791
24191
9933
32602
5473
26989
6133
12308
13480
20263
19894
6126
14254
19953
10362
14126
24636
19951
14957
7072
31902
4586
25521
7716
27532
25481
32534
20076
27393
25318
15198
21591
24727
925
22186
31685
8024
241
11071
28307
20539
31975
27130
18877
23978
1779
26299
19076
17256
866
25117
10503
16878
17278
20447
2955
3672
28910
30153
1505
17402
7329
22795
2149
21872
27438
28493
21437
20223
4475
30191
16002
6671
10537
2219
18328
7811
31680
16305
22682
15349
9307
30859
12763
29407
23957
11544
20024
7171
13478
8325
9247
9475
8217
31465
8391
12398
21629
8615
3846
7084
23413
3473
32626
17561
27984
21668
215
22261
18446
17372
26566
10015
13522
32277
26801
6140
26928
30130
9420
6065
14861
28105
18893
3328
9840
11008
17846
32437
28273
31874
22540
17897
24876
18080
21544
12057
17756
23505
16446
27649
30839
6407
18373
6490
9823
22759
30716
31191
24273
15934
31710
29222
25760
30651
19074
30085
7421
31586
6228
30406
29113
32741
23468
5738
12419
13129
15134
20884
10198
5257
30636
4757
10445
2278
26343
30069
30531
5417
29877
13769
21724
32158
21884
3945
26230
28629
10454
8948
426
1553
27358
16845
10769
5821
8524
14403
3003
27958
12214
754
2252
20453
1515
23720
17895
27096
14028
23904
8437
31863
12905
25639
28608
18014
8232
23290
30045
28265
20893
28007
23375
25621
16935
13516
32069
30942
123
20621
31950
1878
27610
25956
12148
4099
22332
27867
31313
9524
21794
2233
573
18619
10663
16934
27178
9238
19404
3614
30715
9722
6107
24324
17386
26715
27420
21050
3316
9791
11318
15434
25162
16218
23554
16773
12917
18860
30574
4682
27223
7094
26882
18670
12263
4263
101
10507
20706
31046
15149
18590
8686
14099
7165
20398
28438
13609
21399
5570
11716
21620
26160
8342
13255
9440
16471
16674
29084
26129
11378
16691
17556
31918
16957
3791
2047
13358
4841
12448
11338
19678
20574
3504
28515
808
3566
17317
20895
18819
2845
21916
18410
7500
13108
16665
29459
7098
8128
17673
3288
23980
4522
23219
16237
11525
25331
27069
17743
7653
698
20140
7843
5822
26961
2810
27036
19240
19914
21489
8104
8037
23028
19669
21658
7476
647
7283
25389
23212
11027
7476
25376
1269
18690
28225
7035
24035
3731
11316
11313
32042
31410
3535
22090
21232
17591
32623
3604
26232
4166
13473
704
13701
1577
11081
5892
9886
9503
22097
4335
26798
8619
14482
14368
27908
29804
32367
18825
32731
12471
30989
7492
31670
2018
10055
28814
17499
221
30698
22772
18184
10946
18158
23899
23167
5732
7217
31462
20322
22682
8441
30116
14601
8921
6999
13388
2111
11579
10887
21433
15568
7994
24401
31039
26566
6300
31335
9382
26611
17078
32080
14129
8297
29405
16129
14634
10191
24168
16013
29186
10080
23591
11367
26660
13475
27667
5559
20844
11613
26030
14798
16840
27257
22187
16194
9436
11793
9961
23882
26620
4469
18009
12401
10443
22011
9388
18438
15625
15384
657
9790
3388
10571
14789
1076
18213
9628
25384
2573
2889
14370
31016
28254
12186
19664
11157
26218
2101
9592
13762
6078
26083
18188
3515
10940
24196
32267
10270
7897
31226
11692
7781
16267
24634
21359
24663
9366
10424
9720
380
17226
29652
1787
28710
6935
18454
21896
30048
8626
31312
17669
10730
4403
21050
32356
13010
20383
32484
32640
30250
30321
6986
26900
26684
23932
13956
24558
23293
24757
12368
7141
7765
1855
25190
15508
23137
22505
22048
7514
17056
16678
29831
10394
19989
4580
20364
19768
25005
27792
12128
96
28236
25371
10200
5812
14057
15673
15804
23373
15884
23163
29412
7311
5501
4789
17979
9653
27185
23311
30303
11143
19351
25201
7405
16547
10946
25662
17204
23552
9102
32427
23132
4772
8972
15415
1088
23474
12953
8507
32391
11530
12485
5349
29590
7112
1567
12592
30042
8758
25038
26197
7286
23095
6227
3938
8781
7887
26608
28404
8463
2194
28541
16161
15123
2016
17349
23091
7699
14895
1182
19764
13927
32317
10648
30973
29873
15368
3557
25366
2035
14850
9984
7453
7711
18528
21686
17300
21581
12275
6237
23294
7688
28107
28329
28860
44
400
14765
14625
27990
23022
15057
4980
17876
11333
4311
26098
18441
29132
17779
23304
16533
7275
31951
10585
13728
27433
2754
1311
4160
31723
24048
23735
18161
19012
22410
352
458
15919
20358
4337
30733
22551
5389
17303
14194
29831
30118
10979
17756
24853
32639
1998
2126
31224
20616
16764
3001
24765
20248
731
10244
28544
23373
30789
13764
5495
1687
17504
20189
22534
18161
5837
6328
9782
25584
20792
1015
10135
20342
6355
6105
28699
14939
23843
27725
27868
8318
26252
16945
27811
5853
14612
1789
476
25478
20450
23129
16711
17491
24121
14709
904
660
5572
21529
26199
7839
4802
15674
20136
21286
5566
7370
13165
28891
27707
17332
7326
4161
31022
22700
19379
10883
21774
15228
9220
17784
32480
28908
22876
22393
8887
30241
5146
870
24404
15386
3092
7467
17523
10122
11288
4012
9051
22799
14211
16481
21343
22449
29415
16604
30920
15933
22090
16867
25024
19431
28991
3347
14477
23324
24379
25995
18843
4352
23368
8897
28596
24816
20808
28026
7861
23186
25677
7878
1244
19834
17870
7811
1730
23045
17298
21542
26138
21179
8805
19139
5267
26973
4864
1524
7457
3206
21796
3446
5539
17702
27651
25363
18955
27351
6677
30210
18027
15482
13563
4704
14383
21047
22987
31104
4390
746
4666
20155
6967
21857
11327
5353
1245
6537
5155
10016
22548
14991
11378
12412
18504
6162
745
27158
9520
12260
30546
31482
4117
3322
4157
25828
31634
29831
56
1924
5833
16953
22623
2634
12635
31970
6758
17094
1262
19611
9907
24840
10908
6820
11118
5094
14915
11577
17318
32319
10476
25976
20149
9068
13852
4705
18808
6400
30007
16338
16380
30952
27859
24475
25978
28124
9520
5683
16846
23156
19148
24668
22924
9240
26243
22110
28432
25049
7397
19008
1771
108
22755
22235
25511
14545
26296
24680
10792
28282
11749
13502
23720
20443
1620
20768
26035
29435
32400
30253
11141
23616
17294
16216
21976
1655
14425
30780
499
19527
9387
29542
22631
31270
2998
8311
10066
5951
22135
25876
14377
18754
18259
14744
18827
6994
32539
27751
1963
5885
25415
8354
8273
29552
28399
12820
31476
23886
21267
12196
31515
23666
28568
8582
11163
3392
10583
23618
7195
25482
13209
14055
13112
27414
17173
27610
22684
2624
11691
25051
8954
8367
1586
989
30321
8875
15244
3012
7534
23719
5404
4830
29992
23468
9713
11346
1270
32687
2041
13027
13076
555
30106
32550
24092
9080
23313
27329
28643
26033
29714
32524
10073
25866
18693
15213
19681
496
23136
30670
19502
7626
30150
15862
1994
3013
23705
27495
28131
10862
18135
6150
22764
5275
2413
1903
25749
6452
30112
31502
30872
7833
1954
22486
32287
18721
14819
8121
27165
21815
11818
9288
13653
10631
14420
19270
32310
10924
18634
3527
18459
9607
2810
18191
19194
8813
29342
1303
29655
1306
6502
12102
26240
8719
16801
3870
8099
11069
26512
16052
16807
26141
11105
9452
18648
4309
23912
11693
4930
29673
4425
797
5963
24600
8546
19049
21448
6252
31334
1704
10081
6115
2515
10307
5808
9420
30306
31248
24128
30092
4053
4138
4899
31839
2088
8478
29889
20084
25538
8882
191
21487
10554
19165
17378
2108
27939
14261
10195
15653
32608
14577
31258
25749
12755
28006
7503
21138
19405
20923
31091
4008
10432
10952
31519
1462
4325
2425
8635
12714
27329
21171
5830
27346
9950
2241
31967
27246
12551
30842
28450
19858
22975
24834
29660
6830
19973
25600
25883
4640
8415
18667
27360
17727
1951
30474
1219
16142
26912
26625
19876
29520
26118
27829
8700
27583
30330
26062
1277
19528
12288
28082
3213
6703
24723
3931
15593
16360
28720
1170
20128
6892
14326
17356
10898
5965
1141
30434
8446
9797
12352
913
24781
32751
23151
313
8763
28188
14213
7871
16744
23149
24251
5914
29457
2919
23936
7739
27344
16013
29720
1237
4411
26143
16456
2139
24385
29069
8255
14756
28252
11700
24668
25440
30499
26224
31124
12446
6290
27116
19683
10171
6881
20212
6291
6898
21805
12060
5619
21204
13031
14185
8784
3154
7790
2893
2513
12584
4045
11413
5770
4118
26307
19521
5965
28162
25307
28693
18795
15233
16240
11314
19811
20846
24173
27373
5934
243
12304
9023
17564
8813
21006
13237
31261
20228
19640
3309
20170
25181
32213
30327
16781
23220
9191
23705
24329
29261
20584
1930
21082
13913
11408
26537
15226
2205
15737
6698
28285
3764
6609
12486
22149
30917
30202
7143
31654
30576
5246
6282
16614
31260
30340
5130
21627
2849
16790
15456
28278
18561
20521
23134
32747
30864
30192
13900
3201
11114
2443
8758
23626
13791
3403
30098
7892
10222
6333
24009
30366
16812
10234
21004
24407
3427
1582
84
16704
10184
25067
11611
30828
17885
30496
2375
15856
4864
15106
11052
6556
10404
30320
937
31983
27537
20722
32098
23633
31962
515
14894
24485
26426
17819
4167
31187
19647
19299
30475
20867
4218
25147
27320
1169
7864
2402
12802
28847
13215
18145
11839
20251
9949
9329
10080
17595
32552
24941
5608
24455
29618
24018
16296
27669
10869
7712
28738
23177
6496
11631
31765
27243
24420
18169
11956
23839
20724
1467
2179
29642
31715
11065
27661
31296
15161
26292
4340
9842
10241
31502
5820
22444
6598
20778
26883
5813
27412
18734
4610
27400
13244
14563
27527
15105
29059
4852
6107
30835
391
4037
1519
17597
1213
21873
11889
14685
24613
27711
21681
1968
3635
28166
31508
9288
8923
12223
26578
23058
5238
2264
30304
26400
9821
24645
5142
31424
3011
21480
29573
25530
29390
2038
28298
19593
3505
3832
541
2550
12818
6237
22957
8599
7758
24236
9562
2294
4867
24362
5621
24020
13020
13991
14173
2727
1435
18868
7701
14406
22854
21137
23499
13055
23519
14781
20105
16633
29601
5918
28
2009
29368
14531
19617
4535
20726
1832
2983
10951
8902
6584
9051
28976
12772
16434
25596
27894
10181
17343
23640
21656
26799
25519
12700
18428
17021
22026
24289
22071
4821
31976
13221
28345
31036
6062
16555
27548
6150
24173
7347
20843
8450
13346
26724
17144
22305
1130
8057
5589
30082
26274
20126
10841
321
4495
32200
32653
23437
11045
16844
1464
6471
11974
28209
3266
22943
10217
24179
3911
11723
9498
5944
4507
11250
17014
927
30505
20841
25347
11305
32013
10326
21127
29232
29659
23755
19647
24617
24926
12451
20157
9647
19967
21199
17580
10557
1703
31012
1967
3706
10411
10007
7413
19026
31215
26566
5496
19179
15193
30931
9696
17758
31008
403
9933
7537
5491
30825
21666
3445
9452
22856
21844
6982
26395
28207
845
4495
6368
14286
2004
17363
6684
26079
17010
8575
14161
28477
16838
30395
6412
4000
7460
1035
13647
10977
26856
8767
30686
22903
16689
14042
30427
25092
16567
28937
19487
19816
11528
8047
25967
14368
23414
23259
147
23951
8291
3960
16018
4078
9731
18631
14187
3520
28388
4277
710
22907
21692
13871
6385
10458
8694
15831
13257
1985
17872
8696
18772
32416
1863
29723
27559
29095
18865
17621
16293
11445
15866
4922
26689
12683
14885
32719
10903
23767
31100
22973
19024
30761
361
25804
21996
6469
10291
32610
12122
27918
2965
9618
15562
13885
11986
2641
5013
19130
14791
27950
8818
13760
8629
7358
19738
6450
16428
21408
29680
13084
15161
27124
27559
15860
5687
8463
15769
9754
14369
8901
31594
8458
26977
7317
9588
8708
24628
21398
26640
8563
23692
15485
2525
19046
11401
2903
13216
28545
11473
5552
823
17332
10537
7969
20858
29809
29582
4557
24811
6839
14122
25138
6692
459
1513
19509
23521
27155
9491
13869
28689
15337
27975
32630
22947
7691
1517
10636
28199
2262
18928
26594
22570
30440
10946
28094
5274
20815
18818
9399
17492
11922
10016
19557
19508
7654
1953
31652
29654
14270
19246
496
30156
29965
1522
7823
31326
23290
31269
22690
4647
32499
20034
28642
1991
20767
8533
7650
15046
26334
5657
2294
490
1675
25124
28460
23738
29113
20190
8415
27873
1361
25299
19637
8973
22019
12922
2117
18137
2671
20496
27683
16554
13247
3751
5326
1909
13234
7137
371
19775
7812
15272
13915
16755
7176
1273
18586
13521
11685
23860
11365
19403
10113
17095
21088
21409
12917
17731
1155
23719
10208
16642
5931
17249
22630
17911
13751
17302
22297
28475
10173
9262
1786
22998
11107
6889
22779
1951
5450
2745
16598
22260
25716
16945
16619
15562
18443
6124
14876
24306
14939
426
32012
23977
18185
18356
6782
6211
30930
31178
27098
8758
24160
9259
8983
27135
15146
6061
4593
4228
7268
17815
25023
2159
26696
2743
11646
27471
27617
11089
1191
17036
4804
13323
5899
7905
6663
7018
30536
26102
10183
6433
6988
30307
13211
21676
5075
11902
28663
26936
11650
2937
2692
15602
4022
20120
13547
30526
21379
29173
13728
24159
19974
15443
2689
19531
2064
1923
26527
10606
17204
14949
3465
23602
6703
17505
23784
14840
28640
2524
32489
14727
6722
9217
23878
29478
5551
27959
27118
15502
27120
17539
11371
24771
19366
23881
13698
11202
28319
12264
25425
31956
27834
19864
25193
3229
16412
15271
8274
11065
22280
957
11528
13281
19997
3234
7287
717
5912
31411
18375
7857
16565
25735
3425
13181
2762
10252
18907
31477
4894
19527
32076
23906
29907
30192
13258
19514
17952
5110
22458
7479
18812
17948
9209
27366
20946
1811
5391
10602
19387
13544
13494
15102
21246
19939
6560
4723
30287
706
23143
32251
5694
28300
32574
47
26043
5076
29247
9879
14169
22891
8814
5498
9559
15041
4821
14180
23301
28159
13124
21924
18399
11549
32398
24287
17372
28537
9997
32609
5569
21853
3529
13326
22076
11785
7691
1654
3012
12328
26961
6764
20042
32728
5183
26067
23663
15895
2662
20763
29054
9705
11224
12584
24198
28605
6380
21858
14734
25376
338
27038
16476
13022
23687
27987
15705
23219
25339
5045
7482
5042
19065
31815
26965
7827
6094
5483
27706
8207
3574
22598
5735
27343
772
15882
21557
3231
29758
17656
5135
4430
20396
16988
17640
14018
8375
3201
16316
10439
23634
14383
19801
22641
7162
381
27510
14374
2370
9431
21138
19909
3613
23372
12119
6750
19302
13257
451
31111
24430
27692
1350
22312
19015
7538
22787
3677
6401
12692
5783
24345
14733
6793
29941
13733
5666
20190
5216
1581
20341
18688
28205
32012
27441
7729
17080
6367
9064
13948
12553
8280
17165
20783
8032
1018
22185
14016
9544
26236
11265
6593
11104
19718
1604
1760
12820
24941
477
2287
16652
17032
13867
4193
3606
6192
6352
10045
15472
12831
27712
4823
4532
27613
22254
23262
20825
23990
13913
21068
10229
3104
19109
22643
17076
27712
7645
19009
17159
21797
9194
2045
13471
21363
20335
22046
4967
7894
20765
31215
4507
1777
29751
7684
25264
26626
2558
21562
24606
4711
29270
15593
7293
11729
19973
1273
7361
4429
8757
2311
21549
31703
6974
9565
17012
2621
29221
6748
16810
17601
11444
1969
21090
19152
31817
30432
15599
5674
24962
19465
14150
4489
27630
10577
15175
26185
28270
13551
28222
19971
30753
6405
27110
6113
25947
31675
30076
30914
10843
3612
4568
20467
31357
32290
10237
8826
16287
11400
26042
18153
5180
13554
11730
25053
4743
32377
22971
23671
18258
12329
28941
22221
28990
25487
3973
5257
29707
10508
8175
15165
17127
6245
12943
9198
15148
5192
15333
3180
13713
26099
67
23281
13189
12031
4301
24388
14688
31555
9448
11317
29660
10575
23558
13008
12290
6786
5103
21505
21435
21791
8168
32042
3713
24297
24476
20307
28766
1234
7506
20803
16266
7354
7899
26189
2097
28291
5563
139
19152
28678
21074
11655
12394
20488
3135
16765
15569
29380
26619
20666
3404
6061
5956
12580
646
23847
31270
1734
29618
30426
16224
21817
17689
18214
14685
10002
11425
9595
333
5400
14449
17940
9415
22292
10177
13000
14302
2565
9455
29317
19905
29242
4596
21850
18208
13468
3063
12101
7516
22681
25171
2358
29856
4181
2675
18903
2697
28489
27925
22909
25859
712
16245
30990
17495
28213
31404
28592
17399
15565
2493
13528
323
3956
19647
14043
6377
8563
18118
7723
15865
29600
19218
18768
26034
12739
15865
24574
27540
31957
20573
24550
17727
26758
4214
26332
14784
8487
17640
12737
20282
3799
30031
24397
22183
19405
23318
21079
7590
18653
29917
8508
16003
13347
12509
7532
22312
23014
22721
3801
7198
7640
9004
28978
10390
24785
22208
397
7760
29768
26306
31026
8273
28395
20684
20029
14696
31087
4688
6586
9237
3127
13332
21874
25324
14739
13198
19949
8903
29292
22423
7351
30856
31945
5871
18282
13882
28423
29753
93
3236
3219
22244
15835
13506
19918
13115
11882
29280
17167
24695
18638
7795
18704
32592
4845
13237
21259
8158
23756
12120
3112
23046
3339
5405
29963
28888
17988
30364
19696
15628
15205
5317
26343
5643
32359
24971
8493
28547
20456
12773
26737
10216
9669
18997
14845
13328
22228
6810
16773
22108
24850
2365
23100
22144
16212
27931
13184
22221
19294
10946
22414
19626
32025
15527
16140
19262
10669
14817
5946
4839
21711
32340
2737
4349
8528
23857
1844
13287
8448
16086
30291
30815
28774
25752
3139
21935
31767
10039
16001
22580
897
18803
29480
3939
19330
25708
4120
17128
18777
16881
31366
7720
31476
25704
3945
28126
10897
16684
2408
24943
26629
20832
11826
12025
11870
16089
15886
13712
14576
20139
3163
28709
17592
20911
29115
652
4508
24000
14631
31762
18247
9512
6728
11675
14805
8294
20999
7598
25157
16089
16068
26551
30297
8395
11838
11048
30754
20713
6192
21360
13895
16976
14153
16892
16862
12367
23638
26935
22182
23302
1831
27542
30839
3306
8809
30465
7198
17651
23620
5979
8727
25975
17387
11524
1382
18493
19834
18578
4953
25162
3899
14179
25094
19456
20778
14663
13166
7961
29259
25618
14122
23862
17716
12004
11288
420
31390
22532
19004
18515
29786
25500
23542
9216
20804
5116
23869
462
17914
26520
29616
32240
20349
19405
18075
15884
20854
30342
642
28117
23207
22841
27722
12068
11942
24708
14347
10610
8192
1390
9725
16469
25150
7657
19479
20670
6499
2122
25129
13596
4006
4826
30814
15425
27834
18742
18156
27409
26995
22116
24379
20040
148
15271
30795
11493
6634
9412
1263
7673
26263
732
29380
18453
6698
3906
27770
26457
9356
820
10402
26153
18407
14114
22034
29378
26891
7027
27600
23247
5884
20562
29567
13820
31067
8084
19288
21011
7018
31606
10130
6060
25146
27940
32267
18980
17281
26899
1068
2568
25831
15763
8367
563
10681
26728
23444
8411
21749
18643
24002
14796
21543
4112
25044
18863
14356
25569
769
27768
22594
31261
12558
18586
14975
10073
25098
11525
29987
858
10214
15904
30909
1232
12498
21151
4205
12123
22571
3631
20138
11371
29385
15793
2981
12075
31310
26733
29330
8769
7692
23376
11226
4818
16023
19380
14900
22210
32758
6589
6895
3638
21232
13056
4732
16275
31094
24145
25390
5851
23993
23890
3224
3148
32159
5268
12133
26990
21594
32756
10572
28932
31040
30230
15488
9486
680
14995
25922
3455
12170
11827
28009
19216
11413
10254
21931
9669
23506
618
23066
6760
25842
1092
25103
28801
25634
17720
846
11600
1774
7033
19239
8123
26587
846
14074
4283
9659
21089
12655
10800
29893
3811
32192
6941
22008
23441
15835
15204
29955
17364
15109
30924
29804
12359
12081
29402
31999
10236
24966
23541
21444
12413
15043
2078
2876
14699
28341
19400
3174
8614
24914
30675
32024
21377
761
24314
16070
4502
25799
8214
21763
22203
27780
32364
9143
30914
9778
31632
28381
10133
29733
28406
32217
20416
1913
16482
16191
30710
32439
28516
12624
14724
17449
825
24879
6338
5093
29358
14817
16574
19654
31769
9274
2913
22192
32025
19575
26756
26799
3864
5997
14818
24476
17764
22306
6910
23364
8117
16910
25462
9745
18853
19134
14427
5127
32205
26280
26315
21814
29804
1662
1936
11629
4528
4053
6331
17515
29031
19826
11569
18850
24586
23428
29384
24927
27246
9608
22173
1729
1782
23916
13768
3775
29972
11881
3767
15960
11736
24917
29140
13636
24936
9552
19694
23790
17851
19242
25638
22563
2377
28776
28458
1978
25414
24542
10960
582
4444
32419
8165
9650
1477
28166
2164
10254
19771
11544
8314
26503
6733
29920
17427
31321
1719
31479
17836
16274
26369
5017
24470
18019
16248
13306
9874
447
30970
14554
11289
18907
4013
278
9568
5140
650
2735
1287
23635
27580
21968
29374
26641
24459
22879
13161
4245
18355
28712
262
26090
686
15899
12950
16079
13861
5575
29565
16840
2976
1695
260
25321
27014
32022
23509
17008
4267
4773
25009
30243
9858
15895
30440
14235
27181
26189
26973
10292
14366
28869
26340
9242
1089
311
24528
6231
11575
18037
27540
2562
24392
7406
5445
9964
3237
19052
18310
1462
18154
19384
16466
26317
21085
30324
26989
7211
31649
23244
13356
24978
1130
2275
17026
1325
2488
27658
22185
11203
14853
18543
13450
9090
18859
18657
19066
27900
24407
4157
17576
6911
9395
3247
4646
9515
21910
16472
44
29586
8595
29714
29091
17779
8406
2615
27592
20085
9040
13859
28649
26085
22083
411
5962
9128
14893
5132
27310
26561
30460
26321
23607
18192
3920
8215
8785
10393
5075
18340
12909
26374
22427
9066
16071
20491
12426
23229
24509
16982
20948
30711
13793
32720
25963
618
11810
419
8881
28805
20055
24912
32574
5516
23153
22374
4848
985
16976
28769
12458
15871
22382
8432
5959
30730
30369
28680
23836
8472
23515
10085
10898
6950
8896
6842
30569
21559
13081
23797
9032
5799
28244
1345
11328
19599
7380
19213
2931
19373
10120
28836
20971
21388
20462
16235
21006
20176
27539
9008
27438
21344
25404
19910
11366
31754
18452
24276
19984
10545
4112
11501
6442
22172
30326
3881
27254
10170
25794
13741
12126
3139
14686
10386
20747
21615
2905
19133
31190
4790
5435
11946
28355
28207
31101
15122
17334
1332
17713
12672
10089
31399
14819
2470
8595
4812
17903
7360
14157
21276
32020
20069
3059
15781
23249
31302
23996
6966
20063
3516
31081
10541
31454
10448
5948
11487
3271
7724
13050
23847
24723
5120
26582
16645
428
2480
19165
16297
12107
15236
10080
20699
4155
19922
22031
11828
6090
5276
15593
1576
28000
4735
29255
23326
21596
14895
15090
13879
30280
13681
13871
32039
10792
592
2288
29774
29943
15752
28812
6924
22074
10673
25477
1028
26968
16269
4086
4658
26014
4935
28826
11012
20487
21404
24894
26772
6360
24610
10982
11220
6897
26243
21354
31548
15871
21840
14729
11253
8805
23671
14203
12098
16261
1429
7746
12327
6708
8935
6308
718
30511
30530
15324
16443
202
4311
18910
13993
16917
3956
23356
28167
16855
23533
31636
1389
29178
10608
8205
1183
12617
23192
24116
25113
1838
955
15119
2886
28886
18215
7479
19573
26881
5309
21302
11784
23172
24441
16881
2100
21206
8600
18654
4016
6027
26898
25055
7357
28248
9847
9999
28005
16984
15984
19875
12187
18107
24653
15697
23019
4295
6255
19967
32432
9379
3345
9952
24567
4235
26490
20608
17231
18977
4002
31062
19195
17363
11970
30186
9844
16369
9755
27421
4930
270
5698
2535
19300
23673
14524
29516
23506
30088
32651
12001
2926
3732
23985
27464
29595
3594
30818
4384
27531
5548
31300
22210
11049
12242
13865
722
20865
11681
26291
16416
18629
18478
4962
14790
20312
17945
15434
27125
9344
3996
655
6377
16029
411
5683
5422
11662
4761
5986
19103
24413
6502
21166
19965
28488
4119
5826
23027
32395
8057
6011
14065
17307
18098
8707
13652
18763
12910
3879
7200
19054
15512
26661
3380
11903
24490
26593
12170
13564
24911
9872
25744
24426
22278
30417
21892
29276
12416
21819
26074
5296
30244
31935
14474
7718
5427
7478
25448
27759
3234
12671
21553
3741
10424
292
9434
6791
18026
30559
9162
23279
15060
22755
26282
18887
21347
24911
11566
23733
8984
17126
12734
3685
21960
31432
3209
12353
18886
6145
10868
27036
13209
11964
27559
20671
22640
21579
9799
15672
29290
25611
25801
5879
23832
11101
797
11294
9497
17689
15038
11555
4368
31679
31804
6574
16949
22985
15123
3795
232
11102
29194
8548
31324
31183
23251
8697
9489
9802
3376
28692
30647
20889
19410
7093
23167
32172
30144
21812
26349
8484
3164
7678
16229
21998
15416
21145
777
25439
12096
21254
23328
21180
26706
10365
22251
32057
29488
1789
2717
29218
19405
15512
25053
11837
23524
362
11829
16295
14556
9124
3696
8558
6140
30776
25413
29522
22576
5200
18325
17305
4768
26940
11060
12347
11534
10774
24962
30578
7447
878
2318
6315
13191
11023
14046
22459
31910
17088
9462
19197
29688
25760
24924
6939
16242
3617
24207
20070
12274
5259
20681
2920
6233
9568
3720
14157
25742
18881
23709
877
2958
21783
6233
15810
15735
11612
13516
2137
24649
32723
9822
12474
24442
5113
1175
12746
27149
7029
19514
14167
21568
31156
18098
30464
23270
29573
25950
7349
32378
22080
24180
17798
4227
10422
2819
15842
32219
32283
18111
27240
8399
13469
24299
24591
12940
19408
5163
21111
19062
18254
8468
20520
4009
22949
14110
17906
27533
14265
1113
13669
13668
30572
4487
4827
16673
1975
15203
10848
14370
27596
22096
20293
1374
11685
24917
22188
31224
10588
3965
13509
20261
11581
9182
25364
29587
28352
18940
23652
31088
21119
22791
5219
11493
8880
5362
28651
20754
8001
14678
28387
12500
26314
7369
5740
11028
1607
25330
15761
12541
26768
27648
7972
7669
24423
9277
16736
17755
2066
30894
7827
25890
27999
18767
8787
6863
16877
20030
5839
17434
25668
24225
16354
27852
27751
450
12115
7059
4472
32483
15747
13026
14652
15413
29826
24699
27998
30413
26736
18190
2955
29544
22925
30719
15900
29075
6298
20279
23412
23194
350
3774
935
4196
15006
9323
10501
10666
10146
20888
3432
20416
31516
10705
10631
6376
21046
29946
28006
8478
486
29978
11260
19509
1411
9047
24105
178
20198
31913
30601
8379
29502
6621
20500
7543
3880
26765
11019
3022
10318
27858
10540
22514
1412
17550
8703
12016
17611
15400
5983
5278
22826
10233
5658
12847
30359
31645
22227
25333
3732
26917
18944
32218
13041
17549
9018
21437
31154
22011
2851
17463
11192
621
8205
26547
29134
12521
16602
25436
23081
27888
20874
26242
9753
27883
22203
20571
23708
23744
6734
9074
15090
17565
25552
7996
17005
16606
28432
9320
24580
26033
4069
10587
16043
11080
21225
27418
7136
26338
15873
3161
32173
16484
4968
22605
29632
32280
7419
21250
27682
26469
26506
20086
30539
3414
16805
32046
612
4659
29002
27162
6321
17282
14060
31642
30264
31087
11660
25974
29536
19070
20273
20811
19223
964
23493
11986
284
6199
26715
32703
6203
26713
1077
26795
26584
27523
14065
17874
8219
5029
1095
32382
9627
2850
16737
27084
4741
11574
437
26105
4973
31515
289
21433
25336
21294
16613
12760
14666
18568
30564
30221
29213
29763
31347
17046
18160
25678
29471
8410
2038
31757
5710
32059
25096
18983
1842
2297
24715
2897
6694
2074
6091
27699
15806
13089
30435
21230
19309
1896
6409
24111
10940
30398
3099
28591
7726
12970
21816
31603
5267
28051
8678
12022
27898
12585
12732
30402
26056
32165
7453
13116
23734
1441
18988
23859
30784
21484
25716
13316
16729
5598
19031
19530
20297
5064
28767
10730
30862
30944
27922
2046
2646
26684
24431
17367
29918
23025
1747
22642
26667
32328
21191
20178
4975
320
18885
32269
10457
27747
7760
29450
27115
24637
32275
25164
11167
10582
10980
9845
1920
1373
23757
17346
18744
14043
15542
29351
28335
18245
14882
20605
25326
15803
4287
18812
10302
20101
7145
14556
4353
3779
24097
30113
28518
15656
23919
25187
6804
15312
7830
14507
12249
6310
27198
11118
30698
18102
8252
24940
17538
1244
15081
16137
3072
31870
28264
3911
22461
1315
29080
24113
12225
25502
28851
11612
4427
7683
11272
32090
16256
8132
14342
16764
3013
30738
4305
18968
11557
5314
30291
27730
11370
3220
2493
31023
22004
10243
2193
2426
24155
21638
26257
25432
21392
19255
9919
30293
31331
21020
25502
15133
13044
26425
1275
20462
27932
2607
25378
28604
25841
18541
11675
26051
10377
22604
16345
4713
2302
14543
23166
24618
15544
10187
8666
19659
21421
17535
17532
32627
2989
19386
20135
22678
1561
30676
12869
30843
2128
26487
27555
30439
316
24497
2489
1504
29657
21218
19055
3283
4880
16744
26795
30945
12352
32326
31905
29234
3818
30573
23756
12143
21964
6442
15175
1588
5990
705
9472
23093
27985
7377
5658
9412
27731
28732
19698
26974
30692
20046
16593
4213
8256
4644
5684
1391
26960
16373
7314
26731
7099
25654
27256
5507
28896
14778
12431
17189
31669
29144
24202
2407
4864
6326
8934
26460
29127
5626
5892
14767
19191
19635
23034
29855
9022
24512
29914
17747
1640
13624
19250
3289
10565
12258
31228
20002
18539
2953
31259
23253
32055
24619
27259
31360
10342
24182
15110
19358
17469
17562
11503
11898
32419
20708
17847
6231
17046
21171
5531
15121
8777
9252
25198
17206
17334
12615
26496
24710
17620
3879
32753
29404
8954
4942
7527
5423
6362
20697
1517
25035
10249
1345
13323
3069
19340
11240
18065
10245
11894
4141
8038
16323
21434
2433
12531
20359
27046
28577
1661
18053
4340
23168
26385
24495
12792
15309
20789
11620
23078
16201
2870
20993
4321
25604
32063
20701
7875
13430
30499
23782
23268
562
27614
28948
3580
14603
13693
23430
30003
8872
26921
18938
1474
22687
21360
2974
32157
32088
29479
20375
15
10696
12059
27508
26678
20314
16197
9236
27773
19828
21200
10589
23311
31632
23127
20517
18899
31466
23381
824
9908
9189
14023
26822
18560
3487
7510
6720
10402
19236
19430
16003
16463
18542
27346
9176
27010
1556
23203
13958
22430
26001
14240
7406
32287
23884
18710
3086
12238
11002
14648
12637
10523
30136
22198
8254
28718
10739
18822
13018
15978
28593
2150
15696
8313
3165
121
10405
14828
2349
10767
26428
16297
5411
28894
22841
26807
1359
11949
9514
17182
2536
12937
27954
18586
16985
14159
31328
23269
9093
14655
3095
3469
31057
3120
21436
11483
2152
12476
25381
14110
24726
22712
16124
15017
25019
32106
30914
16630
32681
28256
4834
25694
11847
25562
16186
15134
26992
24645
4770
7510
15210
20081
12780
9447
22355
23212
28960
9609
948
31562
3826
31073
28568
4098
17497
3279
9308
26817
30709
8178
4338
20007
7522
22489
1581
8011
7650
11693
2575
12736
22223
20189
12410
23115
12819
19766
23381
23265
13342
26532
1500
26694
9795
21849
848
20254
5545
11202
7048
11300
10423
23569
11057
25083
27067
9262
1246
22389
1119
9602
22523
30523
2961
12933
29763
7080
4241
20520
16192
21826
31871
20915
439
17347
32196
7971
24624
12727
5575
1996
5882
15648
8712
26153
23997
18347
19714
3063
17961
28437
8971
30267
26324
4212
3181
4601
16376
26705
29226
16919
8431
24966
20319
4758
23238
14335
29773
9945
13994
9419
19376
18022
10692
10893
16990
21229
454
13097
3025
25497
9391
1583
12268
24201
11929
25365
19432
15492
19283
3752
25081
26499
31085
13547
21952
22495
7416
14804
21780
23238
17515
7872
10509
19858
21847
4035
32681
19874
31669
18998
27546
26729
1046
28037
26520
20591
21069
27764
28163
11189
14259
31071
31494
28242
9053
24121
11707
27906
20887
27383
15906
210
12905
10472
19553
9680
7332
10602
14800
19560
29471
19201
1337
2802
23368
9534
11452
5561
152
6015
22827
15477
23784
8326
30990
14990
24143
22753
28206
12945
7988
14752
29640
9305
5608
25699
23940
21731
16115
7626
2123
11622
22677
20171
17174
31343
20295
5976
12629
25885
28872
4288
31489
7447
6046
9636
4219
9353
17390
601
17705
24253
32292
15769
12639
3509
2487
10469
11691
29333
14030
27584
21988
3670
21885
23847
25904
20470
28263
22103
11163
30960
4301
10212
5598
28062
18602
16556
1976
24360
24780
18709
15941
19522
11078
23689
17775
11773
31204
16746
18523
29745
25392
13518
25202
32696
20647
12298
13123
16293
8347
25257
31101
7805
20459
28351
26006
153
6007
23864
25002
2281
17672
14715
2551
31205
1807
10990
3308
1618
14955
8181
20762
21723
13764
3932
10769
3924
4705
15446
32702
14457
16799
32340
27117
6205
6167
18858
29615
11314
21746
7220
17546
26517
14505
8960
12260
32392
16603
15124
17948
30144
13714
16333
684
7164
3565
28147
7785
10389
28223
3130
22880
26122
30075
3196
19505
17413
25379
19949
20616
11674
30637
7685
31266
1962
24701
32388
18671
7427
27242
8781
3836
1347
10655
13788
15587
6282
12335
3750
29344
3947
29684
17496
17234
30638
4035
9201
16731
23737
16764
2348
28199
27747
9800
29073
13140
30727
18024
30520
14404
21469
3280
32059
21860
14447
18397
14640
22903
19809
14883
3660
25754
2827
9917
27702
10327
10266
27851
23322
20290
18907
8026
10217
134
3740
24955
11692
6339
19541
15461
24407
30702
20985
22681
22367
31763
28776
23125
11057
22810
24364
27573
3428
22993
31489
7947
18076
31747
1240
21259
9246
23209
21222
22572
23001
30368
23862
21579
14973
16916
24329
31631
14154
3896
31016
25957
6157
21077
6922
26345
27745
29953
27155
23841
24632
17267
22768
12362
2491
4222
25847
24771
9
3369
17418
2443
10767
6162
27295
5537
20220
18583
28163
13745
11165
10186
28453
13768
13878
19096
30246
23580
25783
26784
32407
13339
30784
3874
19295
31790
30929
14547
19707
8590
9052
10722
25261
32268
2796
26642
10022
633
2297
14449
24978
2584
24811
1512
4195
10925
4053
12221
27065
12602
11138
15851
27814
10423
18306
21492
23653
16079
25162
3922
4573
481
13553
1650
30633
19292
21690
11479
31768
18437
31335
16272
14524
3361
5116
22618
12215
23067
16842
2138
29523
4501
2953
30925
1730
29927
6976
18699
7055
30224
26854
32090
26756
2061
22859
30843
8077
7272
12229
22764
4720
5334
13663
11456
7310
21408
2055
17078
28935
16870
679
30456
22950
18647
14743
16331
31332
22492
26383
20853
1633
29176
28333
21645
17560
7895
29874
5730
7818
10057
26221
21784
26076
2861
22492
31119
24403
26651
25636
15638
5893
10119
27383
15677
4868
12172
12093
7775
3538
2352
1991
26283
3673
9225
6190
16248
3569
26592
22268
32756
8918
15211
9598
20617
4062
90
19103
25566
10789
11018
25657
4107
4204
19540
17064
24467
24765
21029
22492
29047
30126
17115
29140
23526
32428
6171
19948
25017
27196
22107
15885
1221
25078
3335
2726
29985
29843
9276
3396
6854
32289
28844
24664
31823
22532
12710
20569
11612
16514
20003
748
5243
26738
26038
21314
13294
10865
466
19146
22036
24558
17882
18719
20197
20233
29943
14932
7255
25738
29836
17567
17892
19094
26661
3493
32008
23020
22948
23706
10423
11985
21103
10403
4617
21423
14176
20673
1180
26054
22104
24876
17479
28149
8241
9849
1376
4502
24883
13032
21035
12430
26319
28359
7722
1266
27907
7940
32660
31259
22910
12298
597
17497
23356
167
30586
5791
23923
23531
18373
30480
798
27381
8541
12939
6741
7967
25762
30619
3856
13968
32720
20849
29238
2591
20049
27092
12942
14689
27527
15243
17125
29758
15778
1213
19432
12654
19553
10459
31690
19927
9484
22169
10367
18172
3626
15312
8023
24699
28044
15513
2270
21413
14926
3123
3952
14885
2598
6466
27494
19477
14984
29368
19016
30523
5383
16581
2928
8168
1653
8448
24132
6081
18632
30910
13878
12393
25832
23190
19323
11381
27321
24736
25346
21914
19199
32534
14377
22011
31312
28899
31870
27021
18209
8732
31554
18502
14441
11397
10518
10839
29422
9848
20425
21462
13378
12044
25930
12341
6504
22161
31251
18903
25937
19101
11025
18136
26950
19436
18123
23828
9042
11352
30759
31367
443
31072
23234
13178
14893
3101
25922
29662
16490
7248
4120
28433
5025
28331
20676
7003
11088
21372
16833
9233
13090
14131
16562
6768
28016
12616
4408
21145
23638
19763
2987
14833
14624
15465
17319
14784
4528
23804
19600
17025
23677
13291
13851
22434
30638
32375
24730
31532
9676
5052
28360
14650
17432
17348
22139
23056
4469
19971
29675
6901
8603
701
1257
15146
4663
32641
18639
21669
29382
32708
18961
21111
18340
13426
32278
32268
29994
17996
1542
7247
9836
6865
28152
25542
2642
21203
22803
18710
29309
13028
17443
7766
20742
8642
9635
12157
30419
18973
31824
17995
10836
5662
15670
19235
2477
25830
30991
4028
21561
10687
26175
21587
25602
24510
4232
7076
32030
24016
24365
10109
7455
5980
17420
17338
9313
7051
8298
20444
9065
1450
8566
1736
22574
2931
32708
15879
26972
22772
11549
6173
17473
17470
31229
8613
2684
12196
28297
10407
9563
18963
23270
26955
1775
169
2869
6091
19744
10214
9108
1977
24280
22749
25589
16087
20991
3111
2515
10424
5193
27640
2272
29343
19062
12147
22478
29015
12106
27807
30067
5863
22184
32487
10573
10327
16915
16163
26284
31408
22895
20896
4314
9415
19354
13555
5969
4606
22833
29232
31181
17474
28599
9779
8749
3988
28573
1159
29911
32243
158
18932
21701
5455
13378
13548
8535
60
5948
11670
4894
16172
10915
21506
10168
25990
6537
6714
10436
9164
31706
20892
2902
22611
1417
16498
20677
24581
15222
28293
7482
9152
24181
1882
19942
29471
14577
4961
339
10943
14160
2537
28220
23463
3630
10299
5336
19982
9403
17742
14327
5993
17324
1542
21104
30951
11243
623
28087
17703
23033
4944
11543
822
30551
6422
14728
24150
2071
21102
30408
29485
14539
25936
13232
3086
17226
20126
7043
22023
3642
14972
21240
16114
16784
5566
10037
17246
30561
8702
27557
20253
14354
26825
1791
10886
4497
3741
10987
28374
19569
13203
16612
25131
19319
16297
6373
9176
31871
7036
14791
22301
24730
30995
3874
14020
12104
29426
15380
3673
16077
20170
24866
10588
9390
27234
30726
5887
29674
13688
1235
29183
24080
9196
5510
28149
3457
15176
7363
629
32328
23399
807
5178
17326
5554
144
10689
6328
9817
21951
13004
13350
25088
13082
19399
16774
8524
18813
28964
15949
28238
31315
2357
18231
4098
7391
19348
4756
25973
5853
23754
8035
19289
6426
7974
12513
19775
12520
31906
10353
16159
22754
8313
3872
21409
17086
31160
29850
32737
16663
4173
32287
27201
402
27821
423
22281
22416
29746
14295
20273
30476
27894
17275
28327
25056
30262
5230
6222
21026
31472
28116
9099
13393
23934
21253
7878
4991
12202
30773
3828
25629
22839
27844
28539
10425
16696
7670
8430
18495
30202
7304
31665
23595
18623
12053
21963
20943
9488
25971
14785
2515
8655
26568
22216
9854
28412
6594
28080
28743
3239
28110
14787
32225
5897
6507
6982
14769
23813
13570
22679
23736
4595
11159
28731
32136
14029
27392
1306
14718
18907
28970
16351
10141
4342
15157
26398
3517
5926
4996
28164
26432
29810
12221
21833
449
32484
690
13014
18045
27803
26727
2463
24760
10666
842
14631
24368
26092
5453
15972
17883
32199
25187
8376
13085
27288
19401
20928
24756
2371
24360
32306
13625
31754
7380
28177
28222
644
31639
7406
4567
1646
21684
20383
29378
17935
17049
27447
8877
11447
30010
31561
14066
28827
31676
17878
2072
13480
19750
8797
15240
7125
291
31455
8119
21780
21543
6596
14571
3342
17935
18529
6726
12465
4475
19041
477
584
31645
17853
17291
679
69
25089
27959
3248
5789
18163
13159
23145
17856
26345
30807
19885
16773
15361
17213
3886
14896
22965
18167
9722
6131
3502
18267
30421
30046
7358
17150
3673
6529
10884
26774
10488
27183
24958
13749
12038
691
28394
28568
16372
2099
4142
24184
19370
17786
27917
9064
13626
18555
15703
27369
2520
29139
2758
1951
8825
3967
8931
16877
54
655
20130
10964
3393
24425
11185
8560
31453
32177
17434
19211
28864
28452
31357
27308
1945
28848
24890
26593
9620
21799
17436
13161
451
27957
31532
21471
3382
5789
19702
20588
11084
14605
13350
22783
28657
22943
8101
22370
4294
31222
16152
32344
2180
12723
104
24464
13838
31796
4601
5232
31848
26811
10928
12772
3585
11250
24831
18453
9580
6859
19152
21592
32472
15382
31385
6585
26720
18835
2794
18951
12394
22979
19355
31147
29006
4326
11271
17301
7799
16766
30119
31329
19383
2071
23548
8923
11539
4304
8516
13061
23319
5886
12606
14627
24507
8705
17775
10742
9893
24027
8205
23469
25492
11148
13494
29673
3255
2637
28380
27771
10139
29769
2754
29124
22457
30071
5068
4212
1435
20682
11099
10646
26625
27597
32032
1668
31790
24771
27100
8218
22824
30690
15082
2901
13314
4612
1066
8863
8977
3252
8548
32376
12718
14647
6213
5505
8217
1081
29485
23915
26642
10957
11240
16249
24971
5442
31658
6152
27171
15864
11610
19833
4136
28301
11972
5050
23306
16946
12133
23766
7503
1335
2964
32727
20653
18734
4691
17487
30509
27411
23831
28542
26213
11410
17149
7820
19074
25500
15151
16265
32255
19087
3840
29114
9630
1136
155
25134
26756
26474
6437
10481
13933
21802
22377
32148
23972
22475
4011
27916
20895
26292
23047
24285
8216
15332
7007
8112
32121
28705
12942
20951
10983
18648
15256
13770
12125
20687
2460
13366
4055
17118
16968
20547
12042
30880
31018
21849
2028
18363
6491
22080
13487
11080
22161
26808
13815
13700
18090
2574
21222
22295
29629
12591
9941
10992
13728
26284
30353
22406
27296
23058
514
377
30119
380
6371
9992
17959
19400
25323
22207
13459
19992
22423
6860
1533
32463
28317
10114
3828
25459
28903
4922
5304
22668
32652
6049
6769
7498
799
3655
4965
9271
24600
2725
2233
22300
6840
24191
10988
17564
32576
2825
19330
27217
3082
16529
8861
10407
10258
1511
13126
25050
27964
12601
18955
29795
16246
10795
18631
22240
21530
12605
21691
32062
14924
31360
4363
15092
17874
32687
6424
12398
22741
11393
29846
192
23846
2461
29066
24105
30298
20325
3426
27195
31678
11983
16825
861
5704
11435
17739
28890
6750
12859
29893
22835
24275
18580
4994
6106
7913
9698
28675
11672
10948
22410
28402
3712
20143
27354
26656
24437
6829
2958
16780
29097
20403
7082
2149
16999
7365
3329
30335
14462
8361
30556
725
17498
11550
12378
2950
13235
32538
18552
26196
20207
32617
29299
6110
13483
32416
955
17249
16692
6021
21143
28185
1749
17232
4375
6774
32248
22673
16346
22360
6077
21169
13846
15234
1835
14775
30987
32297
28570
10259
18862
23631
32707
9395
9331
15767
24898
25136
26447
4953
29336
9539
5771
22042
32075
27909
7856
31511
27193
26997
14045
16078
5968
10010
20147
26353
32194
8815
30396
20902
13164
6396
4587
11918
6092
32163
5264
7251
21353
17275
387
31572
6348
8138
17469
17968
18853
15936
1066
81
5146
21685
5343
31860
25810
17867
16514
22953
16273
5074
1455
26688
32599
22973
11436
32724
5268
8106
5054
20742
11730
24443
11399
5197
1016
26276
28582
16520
17790
10200
6062
26538
31100
4091
22744
6190
20395
15386
7091
14030
14554
16353
10380
18743
29162
29890
12512
3407
32203
15204
31827
20454
20458
20678
18927
18359
24489
30502
5276
20835
30919
30753
28524
23615
22136
11309
26447
20894
13622
15517
10714
554
22965
6295
4896
23119
9010
22824
28499
4180
7179
17504
10110
3968
16694
25208
29751
32229
28845
18753
96
30926
19846
20025
13672
5155
11802
32124
136
9963
20819
27341
29519
32583
26463
11837
27841
6116
15249
31292
16879
603
486
19365
25683
20471
8716
7757
10769
3638
15694
31832
19762
13295
12228
17439
29275
25358
184
31807
24724
26834
3792
20008
30138
15653
28154
25068
27691
16111
24744
24661
3638
14543
29260
31379
29531
12431
9217
27894
12673
22346
30748
11934
23497
13277
17043
2977
7950
2721
7567
27606
20886
29918
29170
31516
16571
32383
5083
11361
29455
3544
10166
22528
15124
18816
14365
21422
31013
16499
27309
14710
5694
475
3993
25651
11756
5828
29260
32518
6294
25500
19830
13216
113
21435
14923
26176
20412
30193
25154
7829
26605
18338
5217
2884
27287
1486
26326
14238
4918
7291
5047
657
16925
20192
599
18240
4920
7188
4001
15399
25684
5873
27847
20625
4887
6638
31334
4245
27759
7713
9816
1241
2057
16371
15539
25591
17791
13891
17692
32535
24874
25443
12866
11440
6591
8586
6093
18254
30259
13574
31055
3236
12928
14300
6211
32403
3602
24809
12376
11600
10723
11707
6241
9925
8417
27053
3225
26013
726
22508
2448
28944
9142
17847
18994
20636
3295
11510
5105
32464
16538
4931
12780
14931
24555
2745
18858
1749
22613
1945
10407
12491
7015
22954
25314
4095
21077
4879
3457
14756
25094
11065
23516
1355
12107
3242
17968
15793
32028
4909
12750
5844
1336
27089
24854
13859
25874
18258
797
13701
20986
4593
14147
27538
27732
14203
14323
23531
22131
15890
21782
29315
14148
747
19580
10705
6413
30281
31363
31254
31611
8387
10456
10018
20805
20841
31716
31275
22267
14172
12659
17188
6918
21343
8078
29971
21341
18552
26495
28122
9030
7259
28190
16349
26091
29706
29711
13980
31577
25077
30631
10810
26499
7675
3138
31212
12162
12126
1754
9033
26340
12487
8170
30409
19333
24944
20476
24869
27422
17574
15692
9644
26939
22205
16552
32048
10670
13980
31177
18558
6242
27383
22669
21558
23139
30263
21914
8164
25896
32314
16315
14699
27826
19520
19562
24644
16268
15894
18309
5600
22129
26653
26272
21913
1307
28326
12014
18655
27884
17610
25028
25921
13240
20070
25887
30251
21313
10512
13423
6806
4839
6995
15735
6741
8087
19954
2258
22389
27095
29797
24485
31415
11416
30065
2385
17061
66
2915
19403
15784
11415
3265
7942
291
19810
12448
4529
8921
10046
30997
29493
21570
2434
21963
10423
15661
3495
5379
14152
11120
32558
31734
28930
27190
18433
28768
27778
30025
26481
20304
25053
12867
3447
9098
24857
20424
107
8410
3682
32599
27812
15304
8883
29122
18519
29952
11957
17536
2265
92
27617
13696
3866
8126
10656
32295
29496
14738
28285
8589
2791
3119
5838
31427
20931
11876
26399
29327
13334
25667
10684
18578
13113
1219
31757
24989
11593
14324
16373
18516
8350
9880
5309
18741
2829
24367
19103
12028
31968
31251
15634
15530
4872
9804
31713
13323
1853
3313
25356
18012
32635
16267
4420
13977
20748
6874
8992
11430
27708
31247
15203
8906
9924
21072
10383
31884
28312
2874
23524
11975
17156
2028
19033
16768
26336
16006
28201
5235
19810
8471
12508
3294
622
10630
16382
4503
30117
26899
1158
16752
16940
12600
10557
10151
30563
14907
16616
6661
1309
30242
2073
21480
17347
3594
22282
9605
25685
12308
12977
9115
19604
13044
2626
18778
30166
4613
20110
28574
8467
2690
31379
7875
25565
29631
23030
21574
31606
10962
29279
31164
23386
9229
28928
4591
1901
21959
7279
28477
15327
29718
5541
24756
5345
30280
7524
15207
13276
1868
11214
9754
15122
23910
30560
25304
3061
17216
16701
25240
17185
25584
17763
10048
3251
1489
4828
27538
6056
23130
28786
8310
30275
29742
14368
4960
11793
11794
27178
4051
3567
7767
9167
17910
16969
7140
26634
11999
24192
30454
12637
6347
2945
5111
1697
27115
501
17921
14519
16523
8787
16427
26943
21134
5208
15987
6858
4165
23662
5621
13578
18783
14584
18845
13094
22368
1972
29502
17298
26438
19364
20995
32192
1478
21420
26568
10425
14952
21154
12631
9335
18734
2670
521
24940
22068
17087
15487
2896
29302
21878
28136
19193
25466
14924
2233
23156
17857
15074
7431
32066
10415
7053
32704
22301
31731
13152
3968
24309
25687
19922
19635
13219
18525
32533
27248
10237
10376
16759
7421
28709
19633
17937
24618
13642
14156
14044
28659
1756
2521
16746
16330
12818
3441
13518
4653
3792
14604
24932
3130
26465
22789
9182
864
22322
19033
15016
4507
6321
11893
9634
22131
27843
12386
4833
6459
7805
27764
32184
23673
18710
4051
7164
30244
29124
21496
1494
29541
18563
25066
6262
2049
20277
16021
17953
32613
26141
11239
7021
16590
15210
29484
2997
26274
20666
2830
26326
4491
30308
22500
22843
21903
24697
20923
2813
7125
6945
27505
6011
26247
27400
10366
2106
30341
18739
3517
18028
5164
11909
19303
4264
20285
19912
9240
20649
10139
3054
25246
14458
6698
26961
8138
17125
9428
2104
29332
4077
19568
3842
32213
29684
15854
29323
17279
341
12250
28116
11685
23076
16347
7139
4341
30074
23699
30541
15154
9522
17971
4096
16204
29777
18455
6590
14959
6070
29547
6331
15644
14723
7203
31425
18711
21692
18728
8437
31874
5948
953
1758
32490
29014
25582
25787
24629
25038
23882
18601
11284
1244
25061
9354
15560
11222
16370
30019
13982
1985
23169
10156
11679
28390
29390
23856
19485
16957
4007
18160
3806
13561
29634
8903
3867
28647
23459
401
5453
13716
17674
22224
15797
1146
14232
928
9766
17940
6448
25824
31359
26696
10470
23609
32189
14088
4851
16240
695
635
9391
13490
17772
24185
1016
20452
21269
23176
19609
5483
20378
13980
30520
9944
26818
28074
22171
8079
2745
10303
31220
22825
16088
6637
29581
26401
25348
14563
25230
456
13721
3327
4086
9360
17669
5708
7532
20426
7927
7086
24389
23482
25833
8573
27339
3015
2953
654
23092
15949
20663
19414
63
31089
8074
19960
32328
27497
24097
7205
27543
23737
17507
167
3066
3197
6324
32540
21044
30472
25966
26281
2019
28999
18866
3250
16122
14833
6883
24273
2316
5886
16173
179
15149
20655
26278
27235
21151
2051
19140
11787
29764
29574
10119
25200
22847
22297
28930
30198
7789
20223
29375
6897
24952
11760
16055
5928
6012
32440
15525
6058
15236
8346
14294
7695
4361
5433
6451
5382
1164
14160
17174
12467
29157
18581
144
8468
22324
16079
12576
1123
18480
7147
12917
27763
8761
32166
28511
7573
32392
23711
5337
29649
28409
19506
5612
29801
20746
15990
26453
12490
15113
29387
9703
14448
31711
16192
15088
11253
4288
26731
6596
23127
10949
9715
19415
27954
2550
19399
6125
719
10077
32065
26032
11881
12482
17554
3074
2223
30091
10033
15669
4953
4285
12933
3142
29943
15656
18107
28157
22277
17629
21883
12768
8150
24915
20148
10777
417
17649
29987
9435
32363
31856
28603
1185
4203
6351
26063
15603
9725
16000
1749
15595
8674
21848
16483
31887
14564
9912
20783
11091
13383
26350
19086
24156
6643
20745
24122
795
13851
20062
6896
20931
7897
28355
30238
32489
12021
31304
20405
4431
2431
8984
11284
2928
5860
2582
1780
13980
24500
23493
16210
31529
1024
20236
26394
10582
27140
21306
17914
30869
21403
9652
28462
25945
28851
10302
16488
3726
15611
21947
16072
1257
5060
792
18023
25442
32486
21948
27115
6129
9018
31375
1312
12385
25546
8630
329
32697
8460
17888
7825
2871
29199
22394
12244
16038
17023
27508
19738
6795
26683
6858
5444
18662
20305
7993
31151
5753
4573
7179
21446
14384
1366
11073
1
31703
6568
2215
12974
1207
17079
19449
1356
29304
754
14459
18344
11415
18116
6589
27730
21553
10889
13363
15888
10673
31553
5295
3705
30085
12470
9348
9202
14934
13485
6906
25868
20547
10773
27208
22945
11424
28313
23345
10723
9617
29308
19933
11174
23169
4691
9377
30047
2051
15015
18821
32661
16881
24504
26559
32262
4636
13113
12659
19883
26372
26833
3869
27232
4302
1708
11652
30891
27283
6943
14607
25417
6019
27584
19184
28764
28813
27761
16828
17202
15620
31710
29942
416
30131
427
12968
27686
595
25013
23361
18725
16040
23525
22768
13858
15318
10823
18142
30148
13375
18386
927
2942
10714
17667
3542
682
10183
15148
4273
29654
8256
5169
27064
1093
1819
22036
2934
8429
29141
11159
31202
11381
22459
30473
8264
3962
27914
24433
17035
2475
5735
1288
5135
6868
9297
26667
12576
32069
3917
13039
4708
2254
25602
25450
7050
16694
30481
10645
7503
23823
8739
26339
5934
2105
30973
23042
31458
18376
20573
26435
15574
8891
21814
5753
660
2752
28602
29380
17905
7855
4792
5596
26757
19290
17621
8599
26903
1891
8857
6523
31279
31937
669
13195
4403
24125
21354
4171
22011
52
6310
5776
7495
22751
17286
17637
19999
795
13348
30464
32101
4691
18022
30287
24982
3129
20486
29227
11211
19613
6982
17937
20087
13326
13015
32705
30902
15816
29251
10788
22592
7769
12790
11930
21177
9689
29016
584
7478
26087
16638
10209
28973
25589
17744
16589
1996
13607
17277
27976
26174
7021
27183
20726
5820
20813
24660
24244
8658
10175
15568
13598
7862
6237
22677
24730
28553
11545
1401
6080
26963
3345
1939
32213
32655
24370
27831
11962
23500
22050
362
1341
12812
23598
7862
4240
4726
11300
14597
20589
18667
24741
4770
2044
24124
29013
8600
11620
18585
31207
28913
2961
1634
20199
24799
30209
31696
19344
31928
18053
6463
10282
6385
17565
18744
18790
31971
20940
18394
420
31155
10832
6589
29496
13991
14108
22040
3934
2578
29889
27001
24515
6993
5762
32323
10099
17017
17969
23799
10620
20865
17332
3472
16668
15254
18259
22876
1063
23758
5395
16197
29903
3457
20067
25620
5514
29597
3869
26059
11335
5170
1024
17453
3091
32203
20962
32592
31578
10479
8373
6926
23327
8527
4429
542
8437
27562
3622
471
30617
14578
21259
20690
10453
785
1103
12267
17778
4
20932
22953
10398
24762
28904
19614
27204
18516
19788
29061
5223
12053
16552
10595
25325
24034
19506
8417
21947
14554
6656
7056
11689
1154
10456
14425
3664
23379
28522
18331
16160
29302
22167
7644
29771
4408
13660
1773
25330
9973
23147
18362
18642
7192
17831
32617
32286
15406
15003
26367
7691
5962
17437
9137
25201
3201
15371
6790
1600
30712
24861
5553
23528
11749
19477
9544
23484
22290
1471
3462
30925
5864
5600
26709
18092
29176
10666
4315
19650
12953
12376
12045
13558
18904
16049
3974
30543
13138
8187
22736
25547
22266
24336
25468
7439
8098
2614
13199
14719
6357
1974
29865
12078
14286
25130
23234
14545
18052
15433
12985
18173
18209
31752
15554
16959
2179
30496
3940
8487
19914
19751
26730
16646
14117
1202
25381
13330
11585
20660
11831
23423
8250
25428
15703
23896
25958
15793
1444
10670
4064
1405
2837
15831
12794
20803
22210
13169
30409
25164
4631
18228
23299
25141
11615
32480
19817
31018
32307
1355
12774
16116
12747
11412
25249
3296
27730
8625
8170
27273
472
15196
25966
17969
6061
7462
21046
5851
15161
27221
18426
3369
17803
21112
8120
2639
1617
1497
9112
7272
5330
10754
11825
15540
32056
11387
23688
6306
32421
9250
22189
7026
1734
30791
19084
20770
17416
13670
2463
20651
14170
14759
18944
4871
31958
9059
22293
26898
17334
4845
19931
5887
26696
28488
6327
19222
23230
16633
27494
6654
14298
28656
20155
1208
32309
7476
5723
24566
15432
25246
13056
2861
30425
26479
28972
7794
28551
17752
13467
20680
16757
10937
600
15666
20320
21507
27418
9433
23746
30477
10106
29900
9259
14292
30258
118
5243
15975
725
4570
13141
18279
2563
2448
1358
0
18029
19843
6285
5600
29089
20231
5721
31938
26540
6482
3620
9138
9048
5502
20535
7601
31870
28345
22456
14967
31902
7926
30375
7837
9815
17633
23505
10544
12126
30443
29625
12778
20756
17068
30941
8235
1972
1866
19629
15378
5901
10261
11657
13365
24139
17428
17137
10908
5478
67
2386
11109
12529
23432
26274
26891
1134
12025
13447
10382
23001
21565
14109
32592
12251
7054
17382
2122
1403
29858
24363
10366
5967
3139
14890
20527
27137
12098
18779
7161
8462
15922
27785
18876
32193
24838
29643
28743
30279
3044
24969
16102
11681
31592
16994
22483
10512
32211
18242
2593
11803
6784
28333
21516
32040
29643
27352
19485
14589
16461
9656
30829
27563
1155
28237
15768
8232
24960
24709
28693
9325
9847
442
7553
21023
11445
18618
2517
15794
17615
5825
10040
10146
21600
16931
22762
3010
11603
19433
28984
17316
32745
14141
20562
31245
11029
12614
3664
18029
23890
3971
4394
9965
24574
25837
14182
21394
27974
14213
23221
23111
15172
7987
31571
22972
30952
5835
17123
28762
182
18806
15354
14689
24379
23176
23320
17010
7566
3082
2402
21066
18154
957
3133
8282
11758
8825
699
31293
2649
31600
14232
6503
26149
21351
25952
20155
29844
16961
5230
30968
8886
12504
24266
27894
19147
7270
14389
17306
29269
26571
3749
11526
13143
15418
11711
32419
17255
21345
15588
23379
25
10527
3270
23336
29977
32719
14307
20525
3228
11937
3
6030
14228
11759
31865
12328
17601
6838
25329
23843
22504
137
20994
19719
14474
9097
14559
3867
30748
17582
14492
11324
29928
22641
5302
3263
6217
10089
14560
12969
15648
15750
27942
10498
6972
13057
14036
22532
10158
18469
18685
585
16741
30835
31850
24718
14313
19226
25986
3271
8097
17126
20391
5673
8751
31422
28305
13222
3059
22730
23785
2670
28103
17724
10205
25598
25822
28108
15201
10080
25170
11685
27235
25517
20479
17050
11038
26323
29545
9518
3923
13036
24959
12755
16539
8313
7927
4399
29031
24605
14032
17198
7761
9819
32185
12783
26104
9911
24382
7552
28150
30741
20869
10464
11406
18356
18447
1779
29373
6359
6947
13334
16863
25078
12840
13100
21978
10461
25165
19887
28535
14000
10559
6887
3020
11011
9420
276
28063
10221
2989
11416
2546
8411
16213
6365
7733
977
11267
22037
8493
19722
4781
16366
24498
23776
15451
22296
11809
15035
865
4402
11655
16226
2061
11482
21689
2726
19162
24674
7447
4940
12000
15395
16494
9959
9969
25494
27303
7143
31288
16114
13845
20161
10280
30708
29076
25373
21713
4901
719
9940
24162
9869
14530
28941
20038
31850
18157
5702
5904
22546
25652
12952
30579
17936
1766
2753
14476
3779
32312
19677
30513
28709
12964
29728
7697
7197
26870
12942
15708
5788
31913
26944
17263
31733
27892
11954
28580
8592
6748
18662
12174
18850
31874
24767
22570
22288
355
22131
19351
992
9819
27282
25631
29153
9433
27289
12704
16618
2665
17284
26058
30765
28751
32717
4563
28519
29998
27827
7887
24826
30876
10239
11988
6693
5399
19514
10141
25494
15023
21710
18009
16018
12980
31903
20621
5866
15015
30792
1610
13631
2533
27931
25573
4493
4139
8627
4472
9774
21486
24558
20402
21855
30390
30726
9383
9561
11163
8965
20942
800
22510
26533
12656
23214
4275
31048
13131
11230
19989
31361
19947
15919
21577
10861
10813
21374
13341
7899
1187
18165
20151
30487
10723
17842
18820
12524
5506
20247
19732
3312
15276
14972
30434
8290
23548
7725
17843
14159
17340
8013
9713
9604
12158
13598
32548
25459
25897
12970
23326
27970
14145
25034
26104
8371
32480
18878
4053
6673
194
28293
14559
2116
21850
16640
10502
2560
21006
13869
6379
6043
5634
12197
11466
24033
12602
12817
17371
1351
21032
1736
31546
22148
11113
14488
20296
17831
3744
29910
11777
29318
204
190
24334
26487
3668
26852
3629
28978
24243
5394
31655
12286
8437
21161
1929
28217
15916
3519
21183
14576
17516
15236
1104
17892
14068
30673
24690
11519
17374
17635
24348
30388
16869
17453
14541
20278
12941
29111
29156
31838
19971
26395
18980
18326
31749
28832
17574
11389
31414
301
2286
4525
20445
28506
13036
22232
15888
21041
16696
8596
16492
18562
806
3635
2159
22684
10045
21815
23452
7607
30831
2306
11805
7656
2324
22070
16106
19054
12061
18942
5464
27846
25097
1928
8026
8277
25860
6693
20142
14414
17965
21522
5944
6168
1654
2087
25818
19621
13000
12695
32573
13802
14799
26893
3706
13295
18984
25024
18350
14842
7397
7585
3208
27231
16392
5251
29441
32197
26551
17455
7811
29935
16859
18140
26638
11001
4700
9763
29554
26161
22998
8617
3599
17141
833
17342
6850
24587
19064
16253
19129
2802
15118
23603
17245
12943
28921
8734
8890
12923
24918
6017
22410
27288
19058
16698
32767
30797
12061
26199
13863
31758
21212
10031
11534
17077
9927
30604
18162
25614
32530
10294
16482
1493
16599
8158
20682
16216
29438
13289
9446
9248
30918
21344
4707
27139
5838
23379
27900
23325
29683
4139
8150
15604
28586
18561
26293
11748
5373
7834
14627
24824
32044
7413
22218
10977
19194
14568
15462
2215
18197
26342
13881
114
27727
32707
2839
17079
14127
12098
18765
3784
14927
23553
2572
24650
14485
3253
7296
13230
7043
1455
29159
20464
15387
11807
9062
8861
20196
12239
408
32552
18201
31570
5624
6634
382
19432
12149
23932
9434
11261
4004
12378
3039
10178
22913
20809
24091
1096
13564
26802
8550
20293
27246
10010
17475
18844
27586
16731
2991
24250
11074
15120
29797
21883
8020
7248
32592
2740
24307
20981
21256
25281
5010
31220
19062
14320
6739
4239
16778
32290
5202
25820
22864
