1495
6853
939
30765
29793
19500
26346
19412
28234
25840
22285
19471
1554
11663
17624
28905
3915
15935
16962
9503
17145
9706
23573
31313
638
21127
23504
21007
29426
1340
18901
24235
24491
2145
20180
29195
19566
19114
4254
5567
21644
14009
16117
23065
17537
30285
24225
14766
24162
8043
17263
19374
13584
27888
16231
17090
702
9343
30597
22392
23521
20408
26002
31406
23195
14010
15580
11339
4172
9989
4770
4979
1791
1071
1788
11236
11013
10845
26548
31406
22130
13573
31384
16034
20005
13280
28291
6046
9675
4014
4503
8045
32734
26939
29194
5666
24061
15041
13087
891
20520
20046
699
30887
28066
27562
12818
27129
6082
5897
4887
9465
9565
14216
30261
17266
17811
24635
7377
13821
13045
9008
20573
21228
23987
15102
7649
28494
8940
29166
6674
15151
17756
20104
30022
8205
28326
3396
16548
8039
16942
6106
3457
18475
23640
12874
14346
27202
12205
15765
15763
22162
22868
27769
17157
10836
16687
9428
1959
14574
14805
39
18710
1709
9130
8073
13537
16093
31072
12589
17421
25847
14580
22563
11381
25405
29640
29181
20807
24547
30468
30192
6375
8285
28069
14584
24428
19092
30922
16305
21129
20071
27098
14393
29019
14506
24079
25882
14204
27829
5103
20633
9638
27896
12457
1195
14192
24339
30411
10900
32353
24480
22741
17095
30036
13153
23943
7215
28916
28401
27503
4405
28524
25088
7491
17763
9616
27940
3843
22866
23787
29343
18901
919
22186
25247
28087
25564
15324
6869
14335
28628
8204
5260
10876
27890
10982
11998
18324
26825
3718
14552
8009
16186
15820
22522
32648
1136
12503
5898
14981
11571
13309
32300
18888
10570
4114
16690
31886
2123
8941
15220
24967
11042
28674
13142
10843
28009
24445
21852
20206
15164
15879
24022
11557
3710
13717
1513
13360
23093
30287
25453
23934
22025
14163
1165
27085
20776
20378
15745
14337
29180
5438
13972
32494
3332
12730
19362
12408
23752
5023
18612
29398
27381
7526
20866
25043
14656
18373
2457
28444
26243
21760
6130
19908
23254
26871
31320
24259
11968
24892
32376
19007
9166
21448
3403
27345
25824
20381
6821
28774
24345
11402
21725
11672
411
1942
18195
3168
8993
7856
27666
18096
9099
14043
5856
3541
30097
23503
14218
6462
1274
26166
4702
901
19380
26716
4910
24881
1549
30413
14306
5950
13481
1540
17601
13881
10708
22026
1769
30264
4449
20811
25634
15536
27853
20286
6213
5532
30497
20183
19642
4510
19163
7439
30964
4676
31788
1648
32291
19927
13916
1447
14521
13264
30370
24213
10386
18765
4444
25255
4446
23810
969
19827
3213
8608
18157
8031
13492
27158
28422
12748
28300
21805
15291
13634
16992
30497
25144
30634
26587
8333
17816
8929
4152
8203
22305
24580
22571
16239
13331
5619
16817
30070
25606
7306
32165
2130
6617
12460
9891
15162
368
15774
4574
10112
30167
17741
5394
2099
566
31776
22850
16426
17822
25120
18575
16818
13370
9226
22100
23121
19539
2941
31479
18700
25526
6378
26347
5648
14495
1187
5904
17374
30432
11375
28748
22863
2786
9443
3216
2144
3269
4279
11200
31687
4761
22707
7910
15691
18448
21893
13275
10469
4648
11185
15847
15551
24628
20214
20793
12687
19465
7176
11844
13870
23213
14955
28210
20497
23729
14201
14426
24577
7389
7131
3333
2066
11763
780
20130
16139
17567
28207
29524
16518
18227
11217
722
25813
32227
30809
25537
23398
23742
24122
3588
19862
21069
32542
13384
8802
2854
13167
5595
9932
17234
923
22476
16231
11942
23595
18476
32659
23213
27283
456
10780
16209
2859
894
7595
30517
22123
23721
12826
7321
11762
17375
14641
24710
22375
31474
22211
23903
10178
28609
15858
32644
944
25317
18295
8617
7905
1394
20931
8682
12155
2460
15102
20794
31799
18980
15114
23632
14235
28204
16497
30566
28491
21198
10132
15230
8959
24464
16366
17640
4655
2425
15027
3241
1713
31433
30608
20028
30729
14756
3859
32329
18213
29941
16726
11483
9367
2126
31939
3061
20580
29191
1484
20913
2903
20635
12808
25156
12334
16845
7771
12104
15673
11825
16708
45
12259
13618
13581
4244
17153
7440
23929
21115
13374
149
27854
31880
28884
10808
1458
16056
17213
32037
12445
17637
15600
29102
8679
5329
31325
18193
20995
1201
15416
7961
26134
28257
20464
20241
7835
4249
1926
12038
1702
17040
7328
31363
25077
15809
7699
11623
279
11339
13936
15552
2052
26118
20790
22438
7578
14356
28425
27141
8791
7123
27851
23355
14944
9650
31201
16581
1011
4451
21504
10051
27333
22434
31364
3552
11868
15843
16180
19324
31283
31305
8569
25416
19759
4343
30715
13565
4869
24001
30938
26200
23634
18315
6885
28709
25682
28382
23030
22272
24488
19038
13824
2554
9262
7962
12939
27077
13851
26076
1136
3106
16511
10570
31249
9235
3348
26694
1327
850
13990
2407
4243
28561
23192
28645
19405
9518
10874
19596
22556
21051
20576
30260
11114
2737
17555
21860
28460
25761
23645
11212
208
12587
20628
31264
27587
30227
13072
7397
8513
28511
28032
14345
5877
28634
4685
8649
17950
740
1329
7979
5087
28189
23149
2262
27697
24453
20080
15408
10149
5464
27905
13573
3764
3618
12693
26433
5428
25892
23460
10868
419
6731
26318
3467
17047
6817
32001
6239
23700
18622
22788
15390
1713
29649
18436
11592
6275
30249
12478
19763
11018
22611
32197
18333
21867
12355
12693
1766
14562
11871
15519
14703
30588
11300
4573
2597
15362
1267
11134
12638
28058
13806
30295
2579
7798
171
3568
24107
11190
22783
28497
498
535
28211
9260
32085
9116
13503
7322
30932
27800
6194
12872
16419
30826
7073
6166
1234
7614
28860
27873
28098
108
24972
26959
32327
15541
18850
21475
985
21252
28704
27267
3255
32061
24408
16702
31796
5127
2464
15534
31729
18739
22741
21134
12246
22086
18120
7819
1695
23769
19690
22749
13573
5123
32690
19148
24087
25116
27392
31402
31357
30315
6828
19568
31907
31937
12160
7089
17761
15490
11576
1034
19655
29260
13980
31486
26421
6019
19392
20014
2156
9858
19589
28257
22436
4695
27657
4889
1273
5358
27035
32430
426
24428
29368
26030
11746
7020
4210
24266
18483
22074
17333
26669
3329
31684
15127
16212
29191
29838
15672
27990
29000
28456
26976
